Iteration	CPUTime	PhysTime	Travels	Value	AvValue	MinValue	MaxValue	Delta	Criteria	Progress	dGMaxMin	CriteriaType	CriteriaVarType	CriteriaPercentage
1	4	0	0.0123955212	293.19999	293.19999	293.19999	293.19999	0	0	0	0	0.000150849	0	0	3
2	4	0	0.0247910424	293.19999	293.19999	293.19999	293.19999	4.41747261e-09	0	0	0	0.000174588	0	0	3
3	5	0	0.0371865637	293.199989	293.199989	293.199989	293.19999	2.27540397e-07	0	0	0	0.000236972	0	0	3
4	6	0	0.0495820849	293.199988	293.199989	293.199988	293.19999	4.89649381e-07	0	0	0	0.000284252	0	0	3
5	6	0	0.0619776061	293.199988	293.199989	293.199988	293.19999	7.79508639e-07	0	0	0	0.000320159	0	0	3
6	7	0	0.0743731273	293.199987	293.199988	293.199987	293.19999	1.12910817e-06	0	0	0	0.000350679	0	0	3
7	8	0	0.0867686485	293.199986	293.199988	293.199986	293.19999	1.5193005e-06	0	0	0	0.000348759	0	0	3
8	8	0	0.0991641697	293.199985	293.199988	293.199985	293.19999	1.93344488e-06	0	0	0	0.000330547	0	0	3
9	9	0	0.111559691	293.199984	293.199987	293.199984	293.19999	2.35179135e-06	0	0	0	0.000299731	0	0	3
10	9	0	0.123955212	293.199983	293.199987	293.199983	293.19999	2.76969502e-06	0	0	0	0.000266552	0	0	3
11	10	0	0.136350733	293.199982	293.199986	293.199982	293.19999	3.21138589e-06	0	0	0	0.00025975	0	0	3
12	11	0	0.148746255	293.199987	293.199986	293.199982	293.19999	3.21138589e-06	0	0	0	0.00027588	0	0	3
13	11	0	0.161141776	293.199991	293.199987	293.199982	293.199991	3.21138589e-06	0	0	0	0.000294253	0	0	3
14	12	0	0.173537297	293.199994	293.199987	293.199982	293.199994	3.21138589e-06	0	0	0	0.000311125	0	0	3
15	12	0	0.185932818	293.199997	293.199988	293.199982	293.199997	3.21138589e-06	0	0	0	0.000324355	0	0	3
16	13	0	0.198328339	293.200011	293.199989	293.199982	293.200011	3.21138589e-06	0	0	0	0.000349174	0	0	3
17	14	0	0.210723861	293.200025	293.199991	293.199982	293.200025	5.10615178e-06	0	0	0	0.000372693	0	0	3
18	14	0	0.223119382	293.200039	293.199994	293.199982	293.200039	7.75258923e-06	0	0	0	0.000394828	0	0	3
19	15	0	0.235514903	293.200056	293.199997	293.199982	293.200056	1.09874898e-05	0	0	0	0.000415427	0	0	3
20	15	0	0.247910424	293.200072	293.200001	293.199982	293.200072	1.47037156e-05	0	0	0	0.000427947	0	0	3
21	16	0	0.260305946	293.200091	293.200005	293.199982	293.200091	1.89969766e-05	0	0	0	0.000446232	0	0	3
22	17	0	0.272701467	293.200106	293.20001	293.199982	293.200106	2.35517969e-05	0	0	0	0.000462997	0	0	3
23	17	0	0.285096988	293.200114	293.200014	293.199982	293.200114	2.80621718e-05	0	0	0	0.000471341	0	0	3
24	18	0	0.297492509	293.200118	293.200019	293.199982	293.200118	3.2361682e-05	0	0	0	0.000473494	0	0	3
25	19	0	0.30988803	293.200118	293.200023	293.199982	293.200118	3.63417549e-05	0	0	0	0.000468328	0	0	3
26	19	0	0.322283552	293.200115	293.200026	293.199982	293.200118	3.98919287e-05	0	0	0	0.000441839	0	0	3
27	20	0	0.334679073	293.200109	293.200029	293.199982	293.200118	4.29445204e-05	0	0	0	0.000401727	0	0	3
28	20	0	0.347074594	293.200102	293.200032	293.199982	293.200118	4.55467248e-05	0	0	0	0.000392143	0	0	3
29	21	0	0.359470115	293.200097	293.200034	293.199982	293.200118	4.77862265e-05	0	0	0	0.000388623	0	0	3
30	21	0	0.371865637	293.200093	293.200036	293.199982	293.200118	4.97402605e-05	0	0	0	0.00038372	0	0	3
31	22	0	0.384261158	293.200092	293.200038	293.199982	293.200118	5.15338487e-05	0	0	0	0.000369308	0	0	3
32	23	0	0.396656679	293.200091	293.20004	293.199982	293.200118	5.32018255e-05	0	0	0	0.000372059	0	0	3
33	23	0	0.4090522	293.200092	293.200041	293.199982	293.200118	5.47780656e-05	0	0	0	0.000378912	0	0	3
34	24	0	0.421447721	293.200092	293.200043	293.199982	293.200118	5.62863202e-05	0	0	0	0.000387146	0	0	3
35	24	0	0.433843243	293.200094	293.200044	293.199982	293.200118	5.77423485e-05	0	0	0	0.000396054	0	0	3
36	25	0	0.446238764	293.200095	293.200046	293.199982	293.200118	5.91656012e-05	0	0	0	0.000410436	0	0	3
37	26	0	0.458634285	293.200097	293.200047	293.199982	293.200118	6.05482207e-05	0	0	0	0.000426506	0	0	3
38	26	0	0.471029806	293.200098	293.200048	293.199982	293.200118	6.18847646e-05	0	0	0	0.000444363	0	0	3
39	27	0	0.483425327	293.200099	293.20005	293.199982	293.200118	6.31746786e-05	0	0	0	0.000464389	0	0	3
40	27	0	0.495820849	293.200099	293.200051	293.199982	293.200118	6.44191073e-05	0	0	0	0.000484646	0	0	3
41	28	0	0.50821637	293.200101	293.200052	293.199982	293.200118	6.56416221e-05	0	0	0	0.000513068	0	0	3
42	29	0	0.520611891	293.200102	293.200055	293.199982	293.200118	6.83884247e-05	0	0	0	0.000540205	0	0	3
43	29	0	0.533007412	293.200103	293.200058	293.199982	293.200118	7.1158167e-05	0	0	0	0.000566662	0	0	3
44	30	0	0.545402934	293.200104	293.20006	293.199982	293.200118	7.39616898e-05	0	0	0	0.000591691	0	0	3
45	31	0	0.557798455	293.200104	293.200063	293.199982	293.200118	7.67884011e-05	0	0	0	0.000615915	0	0	3
46	31	0	0.570193976	293.200104	293.200066	293.199982	293.200118	7.9630281e-05	0	0	0	0.000638679	0	0	3
47	32	0	0.582589497	293.200104	293.200069	293.199982	293.200118	8.24847962e-05	0	0	0	0.000661653	0	0	3
48	32	0	0.594985018	293.200103	293.200072	293.199982	293.200118	8.53432403e-05	0	0	0	0.00068394	0	0	3
49	33	0	0.60738054	293.200102	293.200075	293.199982	293.200118	8.81974295e-05	0	0	0	0.000705058	0	0	3
50	33	0	0.619776061	293.2001	293.200077	293.199982	293.200118	9.10398584e-05	0	0	0	0.000724499	0	0	3
51	34	0	0.632171582	293.200099	293.20008	293.199982	293.200118	9.38669905e-05	0	0	0	0.000742017	0	0	3
52	35	0	0.644567103	293.200098	293.200083	293.199987	293.200118	9.66433999e-05	0	0	0	0.000757646	0	0	3
53	35	0	0.656962624	293.200096	293.200086	293.199991	293.200118	9.89751057e-05	0	0	0	0.000771233	0	0	3
54	36	0	0.669358146	293.200095	293.200088	293.199994	293.200118	0.000100997265	0	0	0	0.000787495	0	0	3
55	36	0	0.681753667	293.200094	293.200091	293.199997	293.200118	0.000102764239	0	0	0	0.000804847	0	0	3
56	37	0	0.694149188	293.200093	293.200093	293.200011	293.200118	0.000103635262	0	0	0	0.000821263	0	0	3
57	37	0	0.706544709	293.200093	293.200095	293.200025	293.200118	9.3695893e-05	0	0	0	0.000836288	0	0	3
58	38	0	0.718940231	293.200092	293.200097	293.200039	293.200118	7.91214775e-05	0	0	0	0.000850382	0	0	3
59	39	0	0.731335752	293.200092	293.200098	293.200056	293.200118	6.26478e-05	0	0	0	0.00086292	0	0	3
60	39	0	0.743731273	293.200092	293.200099	293.200072	293.200118	4.65514971e-05	0	0	0	0.00087405	0	0	3
61	40	0	0.756126794	293.200092	293.200099	293.200091	293.200118	2.70013052e-05	0	0	0	0.000884103	0	0	3
62	41	0	0.768522315	293.200092	293.200099	293.200091	293.200118	2.69543958e-05	0	0	0	0.000893114	0	0	3
63	41	0	0.780917837	293.200093	293.200099	293.200091	293.200118	2.69543958e-05	0	0	0	0.000901393	0	0	3
64	42	0	0.793313358	293.200093	293.200099	293.200091	293.200118	2.69543958e-05	0	0	0	0.000908897	0	0	3
65	42	0	0.805708879	293.200093	293.200098	293.200091	293.200118	2.69543958e-05	0	0	0	0.000915868	0	0	3
66	43	0	0.8181044	293.200093	293.200097	293.200091	293.200115	2.37371677e-05	0	0	0	0.000922366	0	0	3
67	44	0	0.830499922	293.200093	293.200097	293.200091	293.200109	1.74027986e-05	0	0	0	0.000928507	0	0	3
68	44	0	0.842895443	293.200093	293.200096	293.200091	293.200104	1.29214673e-05	0	0	0	0.000934283	0	0	3
69	45	0	0.855290964	293.200094	293.200096	293.200091	293.200104	1.29214673e-05	0	0	0	0.000939866	0	0	3
70	45	0	0.867686485	293.200094	293.200096	293.200091	293.200104	1.29214673e-05	0	0	0	0.000945226	0	0	3
71	46	0	0.880082006	293.200094	293.200096	293.200091	293.200104	1.29214673e-05	0	0	0	0.000950411	0	0	3
72	47	0	0.892477528	293.200094	293.200096	293.200091	293.200104	1.29214673e-05	0	0	0	0.000962269	0	0	3
73	47	0	0.904873049	293.200094	293.200096	293.200092	293.200104	1.26128263e-05	0	0	0	0.000974146	0	0	3
74	48	0	0.91726857	293.200094	293.200096	293.200092	293.200104	1.19536834e-05	0	0	0	0.000985775	0	0	3
75	49	0	0.929664091	293.200094	293.200096	293.200092	293.200104	1.19536834e-05	0	0	0	0.000997189	0	0	3
76	49	0	0.942059612	293.200094	293.200096	293.200092	293.200104	1.19536834e-05	0	0	0	0.00100836	0	0	3
77	50	0	0.954455134	293.200094	293.200096	293.200092	293.200104	1.19536834e-05	0	0	0	0.00101937	0	0	3
78	50	0	0.966850655	293.200094	293.200096	293.200092	293.200104	1.19536834e-05	0	0	0	0.00103017	0	0	3
79	51	0	0.979246176	293.200094	293.200096	293.200092	293.200104	1.19536834e-05	0	0	0	0.00104083	0	0	3
80	52	0	0.991641697	293.200094	293.200096	293.200092	293.200104	1.19536834e-05	0	0	0	0.00105129	0	0	3
81	52	0	1.00403722	293.200094	293.200096	293.200092	293.200104	1.19536834e-05	4.08841234e-06	0	0	0.00106165	0	0	3
82	53	0	1.01643274	293.200094	293.200096	293.200092	293.200104	1.19536834e-05	4.08841234e-06	0	0	0.00107184	0	0	3
83	53	0	1.02882826	293.200094	293.200096	293.200092	293.200104	1.19536834e-05	4.08841234e-06	0	0	0.0010819	0	0	3
84	54	0	1.04122378	293.200095	293.200096	293.200092	293.200104	1.19536834e-05	4.08841234e-06	0	0	0.00109182	0	0	3
85	54	0	1.0536193	293.200095	293.200095	293.200092	293.200104	1.19536834e-05	4.08841234e-06	0	0	0.00110164	0	0	3
86	55	0	1.06601482	293.200095	293.200095	293.200092	293.200104	1.19126233e-05	4.08841234e-06	0	0	0.00111132	0	0	3
87	56	0	1.07841035	293.200095	293.200095	293.200092	293.200104	1.1492514e-05	4.08841234e-06	0	0	0.00112092	0	0	3
88	56	0	1.09080587	293.200095	293.200095	293.200092	293.200103	1.06702475e-05	4.08841234e-06	0	0	0.00113041	0	0	3
89	57	0	1.10320139	293.200095	293.200094	293.200092	293.200102	9.52379912e-06	4.08841234e-06	0	0	0.00113982	0	0	3
90	57	0	1.11559691	293.200095	293.200094	293.200092	293.2001	8.17551631e-06	4.08841234e-06	0	0	0.00114914	0	0	3
91	58	0	1.12799243	293.200095	293.200094	293.200092	293.200099	6.71607921e-06	4.08841234e-06	0	0	0.0011584	0	0	3
92	58	0	1.14038795	293.200095	293.200094	293.200092	293.200098	5.27709926e-06	4.08841234e-06	0	0	0.00116758	0	0	3
93	59	0	1.15278347	293.200095	293.200094	293.200092	293.200096	3.95634265e-06	4.08841234e-06	0	0	0.00117668	0	0	3
94	60	0	1.16517899	293.200095	293.200094	293.200092	293.200095	2.7896059e-06	4.08841234e-06	0	0	0.00118572	0	0	3
95	60	0	1.17757452	293.200095	293.200094	293.200092	293.200095	2.78316605e-06	4.08841234e-06	0	0	0.00119468	0	0	3
96	61	0	1.18997004	293.200095	293.200094	293.200092	293.200095	2.82133976e-06	4.08841234e-06	0	0	0.00120356	0	0	3
97	61	0	1.20236556	293.200095	293.200094	293.200092	293.200095	2.84992069e-06	4.08841234e-06	0	0	0.00121237	0	0	3
98	62	0	1.21476108	293.200095	293.200094	293.200092	293.200095	2.87105672e-06	4.08841234e-06	0	0	0.00122113	0	0	3
99	62	0	1.2271566	293.200095	293.200094	293.200092	293.200095	2.88669253e-06	4.08841234e-06	0	0	0.00122982	0	0	3
100	63	0	1.23955212	293.200095	293.200094	293.200092	293.200095	2.89675279e-06	4.08841234e-06	0	0	0.00123844	0	0	3
101	66	0	1.25194764	293.200095	293.200094	293.200092	293.200095	2.83734801e-06	4.08841234e-06	0	0	0.00124698	0	0	3
102	67	0	1.26434316	293.200095	293.200094	293.200092	293.200095	2.75427624e-06	4.08841234e-06	0	0	0.00125547	0	0	3
103	67	0	1.27673869	293.200095	293.200094	293.200093	293.200095	2.63499413e-06	4.08841234e-06	0	0	0.00126386	0	0	3
104	68	0	1.28913421	293.200095	293.200094	293.200093	293.200095	2.48688633e-06	4.08841234e-06	0	0	0.00127213	0	0	3
105	68	0	1.30152973	293.200095	293.200094	293.200093	293.200095	2.33409031e-06	4.08841234e-06	0	0	0.00128035	0	0	3
106	69	0	1.31392525	293.200095	293.200095	293.200093	293.200095	2.17815079e-06	4.08841234e-06	0	0	0.00128855	0	0	3
107	69	0	1.32632077	293.200095	293.200095	293.200093	293.200095	2.03622352e-06	4.08841234e-06	0	0	0.00129668	0	0	3
108	70	0	1.33871629	293.200095	293.200095	293.200093	293.200095	1.90115281e-06	4.08841234e-06	0	0	0.00130476	0	0	3
109	71	0	1.35111181	293.200095	293.200095	293.200094	293.200095	1.78377223e-06	4.08841234e-06	0	0	0.00131275	0	0	3
110	71	0	1.36350733	293.200095	293.200095	293.200094	293.200095	1.66628399e-06	4.08841234e-06	0	0	0.00132069	0	0	3
111	72	0	1.37590286	293.200095	293.200095	293.200094	293.200095	1.56884443e-06	4.08841234e-06	0	0	0.00132853	0	0	3
112	72	0	1.38829838	293.200095	293.200095	293.200094	293.200095	1.48874602e-06	4.08841234e-06	0	0	0.00133631	0	0	3
113	73	0	1.4006939	293.200095	293.200095	293.200094	293.200095	1.40172114e-06	4.08841234e-06	0	0	0.001344	0	0	3
114	73	0	1.41308942	293.200095	293.200095	293.200094	293.200095	1.33623098e-06	4.08841234e-06	0	0	0.00135161	0	0	3
115	74	0	1.42548494	293.200095	293.200095	293.200094	293.200095	1.29333392e-06	4.08841234e-06	0	0	0.00135913	0	0	3
116	75	0	1.43788046	293.200095	293.200095	293.200094	293.200095	1.25950208e-06	4.08841234e-06	0	0	0.00136658	0	0	3
117	75	0	1.45027598	293.200095	293.200095	293.200094	293.200095	1.22153142e-06	4.08841234e-06	0	0	0.00137392	0	0	3
118	76	0	1.4626715	293.200095	293.200095	293.200094	293.200095	1.19348636e-06	4.08841234e-06	0	0	0.00138122	0	0	3
119	76	0	1.47506702	293.200096	293.200095	293.200094	293.200096	1.20128834e-06	4.08841234e-06	0	0	0.00138844	0	0	3
120	77	0	1.48746255	293.200096	293.200095	293.200094	293.200096	1.19288995e-06	4.08841234e-06	0	0	0.00139561	0	0	3
121	78	0	1.49985807	293.200096	293.200095	293.200094	293.200096	1.14791607e-06	4.08841234e-06	0	0	0.00140266	0	0	3
122	78	0	1.51225359	293.200096	293.200095	293.200094	293.200096	1.09654161e-06	4.08841234e-06	0	0	0.00140967	0	0	3
123	79	0	1.52464911	293.200096	293.200095	293.200094	293.200096	1.05292349e-06	4.08841234e-06	0	0	0.00141659	0	0	3
124	79	0	1.53704463	293.200096	293.200095	293.200095	293.200096	1.01506635e-06	4.08841234e-06	0	0	0.00142345	0	0	3
125	80	0	1.54944015	293.200096	293.200095	293.200095	293.200096	9.73384374e-07	4.08841234e-06	0	0	0.0014303	0	0	3
126	80	0	1.56183567	293.200096	293.200095	293.200095	293.200096	9.33218757e-07	4.08841234e-06	0	0	0.00143704	0	0	3
127	81	0	1.57423119	293.200096	293.200095	293.200095	293.200096	8.89324042e-07	4.08841234e-06	0	0	0.0014437	0	0	3
128	82	0	1.58662672	293.200096	293.200095	293.200095	293.200096	8.42506324e-07	4.08841234e-06	0	0	0.00145032	0	0	3
129	82	0	1.59902224	293.200096	293.200095	293.200095	293.200096	8.00869884e-07	4.08841234e-06	0	0	0.00145685	0	0	3
130	83	0	1.61141776	293.200096	293.200095	293.200095	293.200096	7.59196496e-07	4.08841234e-06	0	0	0.00146328	0	0	3
