Iteration	CPUTime	PhysTime	Travels	Value	AvValue	MinValue	MaxValue	Delta	Criteria	Progress	dGMaxMin	CriteriaType	CriteriaVarType	CriteriaPercentage
1	4	0	0.0131678212	1.98730137	1.98730137	1.98730137	1.98730137	0	0	0	0	3.01121	0	0	3
2	4	0	0.0263356423	1.99179288	1.98954712	1.98730137	1.99179288	0.0022457532	0	0	0	3.08342	0	0	3
3	5	0	0.0395034635	1.99391423	1.99100282	1.98730137	1.99391423	0.00370145417	0	0	0	3.10278	0	0	3
4	6	0	0.0526712847	1.99371109	1.99167989	1.98730137	1.99391423	0.00437851995	0	0	0	3.09524	0	0	3
5	6	0	0.0658391058	1.99441635	1.99222718	1.98730137	1.99441635	0.00492581159	0	0	0	3.0852	0	0	3
6	7	0	0.079006927	1.99534287	1.99274646	1.98730137	1.99534287	0.0054450932	0	0	0	3.06583	0	0	3
7	7	0	0.0921747482	1.99673467	1.99331621	1.98730137	1.99673467	0.00601483706	0	0	0	3.0605	0	0	3
8	8	0	0.105342569	1.99772786	1.99386766	1.98730137	1.99772786	0.00656629359	0	0	0	3.06129	0	0	3
9	9	0	0.118510391	1.99853708	1.99438649	1.98730137	1.99853708	0.00708511795	0	0	0	3.05736	0	0	3
10	9	0	0.131678212	1.99909253	1.99485709	1.98730137	1.99909253	0.00755572223	0	0	0	3.05657	0	0	3
11	10	0	0.144846033	1.99956433	1.99528502	1.98730137	1.99956433	0.00798365276	0	0	0	3.05515	0	0	3
12	11	0	0.158013854	1.9998399	1.9956646	1.98730137	1.9998399	0.00836322613	0	0	0	3.05855	0	0	3
13	11	0	0.171181675	1.99996626	1.99599549	1.98730137	1.99996626	0.00869412366	0	0	0	3.06141	0	0	3
14	12	0	0.184349496	1.99999894	1.99628145	1.98730137	1.99999894	0.008980084	0	0	0	3.06499	0	0	3
15	13	0	0.197517318	2.00001089	1.99653008	1.98730137	2.00001089	0.00922871304	0	0	0	3.0688	0	0	3
16	13	0	0.210685139	2.00001311	1.99674777	1.98730137	2.00001311	0.00944640229	0	0	0	3.06808	0	0	3
17	14	0	0.22385296	2.00001217	1.9969398	1.98730137	2.00001311	0.00963842572	0	0	0	3.06801	0	0	3
18	14	0	0.237020781	2.00001023	1.99711038	1.98730137	2.00001311	0.00980900527	0	0	0	3.07135	0	0	3
19	15	0	0.250188602	2.00001169	1.99726308	1.98730137	2.00001311	0.00996170631	0	0	0	3.07432	0	0	3
20	16	0	0.263356423	2.00000967	1.99740041	1.98730137	2.00001311	0.0100990358	0	0	0	3.07659	0	0	3
21	16	0	0.276524245	2.00002651	1.99752546	1.98730137	2.00002651	0.0102240882	0	0	0	3.07367	0	0	3
22	17	0	0.289692066	2.00001399	1.99763857	1.98730137	2.00002651	0.0103372032	0	0	0	3.07225	0	0	3
23	18	0	0.302859887	2.00000964	1.99774166	1.98730137	2.00002651	0.0104402931	0	0	0	3.0732	0	0	3
24	18	0	0.316027708	2.00000557	1.99783599	1.98730137	2.00002651	0.0105346224	0	0	0	3.07403	0	0	3
25	19	0	0.329195529	2.00000432	1.99792273	1.98730137	2.00002651	0.0106213554	0	0	0	3.07777	0	0	3
26	20	0	0.34236335	2.00001612	1.99800324	1.98730137	2.00002651	0.0107018706	0	0	0	3.07483	0	0	3
27	20	0	0.355531172	2.0000122	1.99807765	1.98730137	2.00002651	0.0107762764	0	0	0	3.0733	0	0	3
28	21	0	0.368698993	2.00000352	1.99814643	1.98730137	2.00002651	0.0108450576	0	0	0	3.07044	0	0	3
29	21	0	0.381866814	2.00000238	1.99821043	1.98730137	2.00002651	0.0109090559	0	0	0	3.06384	0	0	3
30	22	0	0.395034635	1.99999976	1.99827007	1.98730137	2.00002651	0.0109687005	0	0	0	3.05594	0	0	3
31	23	0	0.408202456	2.00003892	1.99832713	1.98730137	2.00003892	0.0110257601	0	0	0	3.04106	0	0	3
32	23	0	0.421370277	2.00001573	1.9983799	1.98730137	2.00003892	0.011078529	0	0	0	3.02287	0	0	3
33	24	0	0.434538099	2.00000808	1.99842924	1.98730137	2.00003892	0.0111278679	0	0	0	3.00172	0	0	3
34	25	0	0.44770592	2.00001987	1.99847602	1.98730137	2.00003892	0.0111746513	0	0	0	2.97841	0	0	3
35	25	0	0.460873741	2.00000451	1.99851969	1.98730137	2.00003892	0.0112183223	0	0	0	2.95318	0	0	3
36	26	0	0.474041562	2.00005298	1.99856228	1.98730137	2.00005298	0.0112609136	0	0	0	2.91355	0	0	3
37	27	0	0.487209383	2.0000151	1.99860155	1.98730137	2.00005298	0.0113001789	0	0	0	2.8746	0	0	3
38	27	0	0.500377204	2.00002934	1.99863912	1.98730137	2.00005298	0.0113377523	0	0	0	2.83504	0	0	3
39	28	0	0.513545026	2.00003112	1.99897412	1.99179288	2.00005298	0.00826010254	0	0	0	2.79667	0	0	3
40	28	0	0.526712847	2.00003738	1.99919108	1.99371109	2.00005298	0.00634189166	0	0	0	2.75906	0	0	3
41	29	0	0.539880668	2.00008439	1.99935345	1.99371109	2.00008439	0.00637330196	0	0	0	2.7071	0	0	3
42	30	0	0.553048489	2.00010159	1.99952162	1.99441635	2.00010159	0.00568523825	0	0	0	2.65725	0	0	3
43	30	0	0.56621631	2.00010215	1.99967125	1.99534287	2.00010215	0.00475928333	0	0	0	2.60945	0	0	3
44	31	0	0.579384131	2.00011649	1.99979687	1.99673467	2.00011649	0.00338181812	0	0	0	2.56394	0	0	3
45	32	0	0.592551953	2.00013796	1.99988643	1.99772786	2.00013796	0.0024101036	0	0	0	2.52107	0	0	3
46	33	0	0.605719774	2.00009328	1.99994868	1.99853708	2.00013796	0.00160088017	0	0	0	2.48199	0	0	3
47	33	0	0.618887595	2.00007613	1.99998918	1.99909253	2.00013796	0.00104543218	0	0	0	2.44727	0	0	3
48	34	0	0.632055416	2.00006705	2.00001482	1.99956433	2.00013796	0.0005736348	0	0	0	2.41719	0	0	3
49	35	0	0.645223237	2.00005822	2.00002782	1.9998399	2.00013796	0.000298059737	0	0	0	2.39183	0	0	3
50	35	0	0.658391058	2.00004913	2.00003333	1.99996626	2.00013796	0.000171698896	0	0	0	2.37089	0	0	3
51	36	0	0.67155888	2.00003984	2.00003526	1.99999894	2.00013796	0.000139024558	0	0	0	2.35424	0	0	3
52	36	0	0.684726701	2.00003205	2.00003613	1.99999976	2.00013796	0.000138198737	0	0	0	2.34139	0	0	3
53	37	0	0.697894522	2.00002411	2.00003648	1.99999976	2.00013796	0.000138198737	0	0	0	2.33215	0	0	3
54	38	0	0.711062343	2.00001733	2.00003659	1.99999976	2.00013796	0.000138198737	0	0	0	2.32586	0	0	3
55	38	0	0.724230164	2.00002542	2.00003694	1.99999976	2.00013796	0.000138198737	0	0	0	2.32203	0	0	3
56	39	0	0.737397985	2.00002169	2.00003724	1.99999976	2.00013796	0.000138198737	0	0	0	2.32038	0	0	3
57	40	0	0.750565807	2.00001292	2.00003728	1.99999976	2.00013796	0.000138198737	0	0	0	2.32022	0	0	3
58	40	0	0.763733628	2.00000527	2.00003716	1.99999976	2.00013796	0.000138198737	0	0	0	2.32136	0	0	3
59	41	0	0.776901449	1.9999994	2.00003645	1.9999994	2.00013796	0.000138560124	0	0	0	2.32326	0	0	3
60	41	0	0.79006927	1.99999444	2.00003593	1.99999444	2.00013796	0.000143519117	0	0	0	2.32575	0	0	3
61	42	0	0.803237091	1.9999911	2.00003544	1.9999911	2.00013796	0.000146866454	0	0	0	2.32827	0	0	3
62	43	0	0.816404912	1.99998874	2.000035	1.99998874	2.00013796	0.000149223412	0	0	0	2.33087	0	0	3
63	43	0	0.829572734	1.9999873	2.00003455	1.9999873	2.00013796	0.000150666492	0	0	0	2.33327	0	0	3
64	44	0	0.842740555	1.99998638	2.00003377	1.99998638	2.00013796	0.000151585882	0	0	0	2.33539	0	0	3
65	44	0	0.855908376	1.99998559	2.00003307	1.99998559	2.00013796	0.000152370591	0	0	0	2.33722	0	0	3
66	45	0	0.869076197	1.9999846	2.00003257	1.9999846	2.00013796	0.000153367299	0	0	0	2.33882	0	0	3
67	46	0	0.882244018	1.99998396	2.00003209	1.99998396	2.00013796	0.000153998892	0	0	0	2.34013	0	0	3
68	46	0	0.895411839	1.99998365	2.00003166	1.99998365	2.00013796	0.000154313112	0	0	0	2.34127	0	0	3
69	47	0	0.908579661	1.99998383	2.00003021	1.99998365	2.00013796	0.000154313112	0	0	0	2.34212	0	0	3
70	48	0	0.921747482	1.99998392	2.00002938	1.99998365	2.00013796	0.000154313112	0	0	0	2.34278	0	0	3
71	48	0	0.934915303	1.99998401	2.00002874	1.99998365	2.00013796	0.000154313112	0	0	0	2.3434	0	0	3
72	49	0	0.948083124	1.99998435	2.00002781	1.99998365	2.00013796	0.000154313112	0	0	0	2.34379	0	0	3
73	50	0	0.961250945	1.99998451	2.00002728	1.99998365	2.00013796	0.000154313112	0	0	0	2.34416	0	0	3
74	50	0	0.974418766	1.99998473	2.00002549	1.99998365	2.00013796	0.000154313112	0	0	0	2.3444	0	0	3
75	51	0	0.987586588	1.99998488	2.00002469	1.99998365	2.00013796	0.000154313112	0	0	0	2.34461	0	0	3
76	52	0	1.00075441	1.999985	2.00002352	1.99998365	2.00013796	0.000154313112	0.000192806269	0	100	2.34476	0	0	3
77	52	0	1.01392223	1.99998511	2.00002231	1.99998365	2.00013796	0.000154313112	0.000192806269	0	100	2.34488	0	0	3
78	53	0	1.02709005	1.99998516	2.00002094	1.99998365	2.00013796	0.000154313112	0.000192806269	0	100	2.34498	0	0	3
79	53	0	1.04025787	1.99998519	2.00001833	1.99998365	2.00013796	0.000154313112	0.000192806269	0	100	2.34506	0	0	3
80	54	0	1.05342569	1.99998518	2.00001527	1.99998365	2.00013796	0.000154313112	0.000192806269	0	100	2.34514	0	0	3
81	55	0	1.06659351	1.99998519	2.00001219	1.99998365	2.00013796	0.000154313112	0.000192806269	0	100	2.34521	0	0	3
82	55	0	1.07976134	1.9999852	2.00000873	1.99998365	2.00013796	0.000150846571	0.000192806269	0	100	2.34527	0	0	3
83	56	0	1.09292916	1.99998521	2.00000471	1.99998365	2.00009328	8.85986681e-05	0.000192806269	0	100	2.34533	0	0	3
84	56	0	1.10609698	1.99998522	2.00000187	1.99998365	2.00007613	4.80973738e-05	0.000192806269	0	100	2.34539	0	0	3
85	57	0	1.1192648	1.99998525	1.99999948	1.99998365	2.00006705	3.77981201e-05	0.000192806269	0	100	2.34546	0	0	3
86	58	0	1.13243262	1.99998524	1.99999732	1.99998365	2.00005822	3.99509812e-05	0.000192806269	0	100	2.3455	0	0	3
87	58	0	1.14560044	1.99998527	1.9999954	1.99998365	2.00004913	4.18706674e-05	0.000192806269	0	100	2.34553	0	0	3
88	59	0	1.15876826	1.99998529	1.99999372	1.99998365	2.00003984	4.3550726e-05	0.000192806269	0	100	2.34558	0	0	3
89	60	0	1.17193608	1.99998532	1.99999229	1.99998365	2.00003205	4.49855731e-05	0.000192806269	0	100	2.34562	0	0	3
90	60	0	1.18510391	1.99998536	1.99999106	1.99998365	2.00002542	4.17735513e-05	0.000192806269	0	100	2.34564	0	0	3
91	61	0	1.19827173	1.9999854	1.99999004	1.99998365	2.00002542	4.17735513e-05	0.000192806269	0	100	2.34566	0	0	3
92	61	0	1.21143955	1.99998546	1.9999892	1.99998365	2.00002542	4.17735513e-05	0.000192806269	0	100	2.34567	0	0	3
93	62	0	1.22460737	1.99998548	1.99998815	1.99998365	2.00002169	3.8036079e-05	0.000192806269	0	100	2.3457	0	0	3
94	63	0	1.23777519	1.99998552	1.9999872	1.99998365	2.00001292	2.92745714e-05	0.000192806269	0	100	2.3457	0	0	3
95	63	0	1.25094301	1.99998552	1.99998648	1.99998365	2.00000527	2.16160085e-05	0.000192806269	0	100	2.34571	0	0	3
96	64	0	1.26411083	1.99998555	1.99998596	1.99998365	1.9999994	1.57529882e-05	0.000192806269	0	100	2.34571	0	0	3
