Iteration	CPUTime	PhysTime	Travels	Value	AvValue	MinValue	MaxValue	Delta	Criteria	Progress	dGMaxMin	CriteriaType	CriteriaVarType	CriteriaPercentage
1	4	0	0.0131678212	140780.166	140780.166	140780.166	140780.166	0	0	0	0	83753.7	0	0	3
2	4	0	0.0263356423	107552.258	124166.212	107552.258	140780.166	16613.9537	0	0	0	15815.1	0	0	3
3	5	0	0.0395034635	104244.85	117525.758	104244.85	140780.166	23254.4077	0	0	0	8969.25	0	0	3
4	6	0	0.0526712847	101891.622	113617.224	101891.622	140780.166	27162.9417	0	0	0	4013.5	0	0	3
5	6	0	0.0658391058	102621.585	111418.096	101891.622	140780.166	29362.0695	0	0	0	4772.55	0	0	3
6	7	0	0.079006927	102341.046	109905.254	101891.622	140780.166	30874.9111	0	0	0	3962.93	0	0	3
7	7	0	0.0921747482	102310.841	108820.338	101891.622	140780.166	31959.8273	0	0	0	3583.55	0	0	3
8	8	0	0.105342569	102027.096	107971.183	101891.622	140780.166	32808.9826	0	0	0	2780.45	0	0	3
9	9	0	0.118510391	101940.253	107301.08	101891.622	140780.166	33479.0859	0	0	0	2414.47	0	0	3
10	9	0	0.131678212	101834.231	106754.395	101834.231	140780.166	34025.7707	0	0	0	2061.47	0	0	3
11	10	0	0.144846033	101744.734	106298.971	101744.734	140780.166	34481.1944	0	0	0	1782.87	0	0	3
12	11	0	0.158013854	101736.834	105918.793	101736.834	140780.166	34861.3725	0	0	0	1700.53	0	0	3
13	11	0	0.171181675	101762.213	105599.056	101736.834	140780.166	35181.1094	0	0	0	1699.1	0	0	3
14	12	0	0.184349496	101789.843	105326.969	101736.834	140780.166	35453.1961	0	0	0	1704.2	0	0	3
15	13	0	0.197517318	101816.54	105092.941	101736.834	140780.166	35687.2247	0	0	0	1722.65	0	0	3
16	13	0	0.210685139	101839.881	104889.625	101736.834	140780.166	35890.5409	0	0	0	1724.22	0	0	3
17	14	0	0.22385296	101864.354	104711.668	101736.834	140780.166	36068.498	0	0	0	1727.43	0	0	3
18	14	0	0.237020781	101887.343	104554.761	101736.834	140780.166	36225.4049	0	0	0	1745.52	0	0	3
19	15	0	0.250188602	101905.306	104415.316	101736.834	140780.166	36364.8499	0	0	0	1752.42	0	0	3
20	16	0	0.263356423	101925.556	104290.828	101736.834	140780.166	36489.3378	0	0	0	1762.28	0	0	3
21	16	0	0.276524245	101929.645	104178.39	101736.834	140780.166	36601.7751	0	0	0	1734.39	0	0	3
22	17	0	0.289692066	101947.206	104076.973	101736.834	140780.166	36703.1926	0	0	0	1731.7	0	0	3
23	18	0	0.302859887	101959.203	103984.896	101736.834	140780.166	36795.2695	0	0	0	1725.66	0	0	3
24	18	0	0.316027708	101975.302	103901.163	101736.834	140780.166	36879.0026	0	0	0	1720.74	0	0	3
25	19	0	0.329195529	101978.161	103824.243	101736.834	140780.166	36955.9227	0	0	0	1699.93	0	0	3
26	20	0	0.34236335	101979.546	103753.293	101736.834	140780.166	37026.8726	0	0	0	1661.25	0	0	3
27	20	0	0.355531172	101984.461	103687.781	101736.834	140780.166	37092.3848	0	0	0	1632.29	0	0	3
28	21	0	0.368698993	101990.375	103627.159	101736.834	140780.166	37153.0065	0	0	0	1606.41	0	0	3
29	21	0	0.381866814	101993.076	103570.811	101736.834	140780.166	37209.3541	0	0	0	1579.07	0	0	3
30	22	0	0.395034635	101994.605	103518.271	101736.834	140780.166	37261.8944	0	0	0	1551.84	0	0	3
31	23	0	0.408202456	101988.427	103468.921	101736.834	140780.166	37311.2442	0	0	0	1508.35	0	0	3
32	23	0	0.421370277	101988.086	103422.645	101736.834	140780.166	37357.5203	0	0	0	1469.13	0	0	3
33	24	0	0.434538099	101993.556	103379.34	101736.834	140780.166	37400.826	0	0	0	1448.99	0	0	3
34	25	0	0.44770592	101992.189	103338.541	101736.834	140780.166	37441.6245	0	0	0	1417.87	0	0	3
35	25	0	0.460873741	101996.317	103300.192	101736.834	140780.166	37479.9738	0	0	0	1398.53	0	0	3
36	26	0	0.474041562	101990.412	103263.809	101736.834	140780.166	37516.3566	0	0	0	1360.01	0	0	3
37	27	0	0.487209383	101992.547	103229.451	101736.834	140780.166	37550.715	0	0	0	1331.92	0	0	3
38	27	0	0.500377204	101991.743	103196.879	101736.834	140780.166	37583.2863	0	0	0	1305.01	0	0	3
39	28	0	0.513545026	101989.205	102176.065	101736.834	107552.258	5815.42399	0	0	0	1278.81	0	0	3
40	28	0	0.526712847	101982.628	102029.495	101736.834	104244.85	2508.0157	0	0	0	1249.32	0	0	3
41	29	0	0.539880668	101970.636	101969.648	101736.834	102621.585	884.750762	0	0	0	1213.24	0	0	3
42	30	0	0.553048489	101954.29	101971.297	101736.834	102621.585	884.750762	0	0	0	1171.53	0	0	3
43	30	0	0.56621631	101935.251	101953.235	101736.834	102341.046	604.212131	0	0	0	1129.71	0	0	3
44	31	0	0.579384131	101910.827	101941.914	101736.834	102310.841	574.00691	0	0	0	1083.26	0	0	3
45	32	0	0.592551953	101879.21	101930.555	101736.834	102027.096	290.261977	0	0	0	1029.83	0	0	3
46	33	0	0.605719774	101857.478	101926.091	101736.834	101996.317	259.483133	0	0	0	992.151	0	0	3
47	33	0	0.618887595	101838.402	101923.411	101736.834	101996.317	259.483133	0	0	0	960.407	0	0	3
48	34	0	0.632055416	101820.338	101923.045	101736.834	101996.317	259.483133	0	0	0	931.959	0	0	3
49	35	0	0.645223237	101803.683	101924.597	101736.834	101996.317	259.483133	0	0	0	906.666	0	0	3
50	35	0	0.658391058	101788.812	101925.965	101762.213	101996.317	234.10387	0	0	0	884.651	0	0	3
51	36	0	0.67155888	101775.851	101926.324	101775.851	101996.317	220.466115	0	0	0	865.853	0	0	3
52	36	0	0.684726701	101764.727	101925.663	101764.727	101996.317	231.590721	0	0	0	849.817	0	0	3
53	37	0	0.697894522	101755.522	101924.057	101755.522	101996.317	240.795678	0	0	0	836.578	0	0	3
54	38	0	0.711062343	101747.96	101921.638	101747.96	101996.317	248.357399	0	0	0	825.681	0	0	3
55	38	0	0.724230164	101742.426	101918.429	101742.426	101996.317	253.891342	0	0	0	817.63	0	0	3
56	39	0	0.737397985	101737.549	101914.487	101737.549	101996.317	258.768248	0	0	0	810.406	0	0	3
57	40	0	0.750565807	101734.043	101909.98	101734.043	101996.317	262.273933	0	0	0	804.947	0	0	3
58	40	0	0.763733628	101731.744	101904.88	101731.744	101996.317	264.573362	0	0	0	801.146	0	0	3
59	41	0	0.776901449	101730.37	101899.636	101730.37	101996.317	265.947337	0	0	0	798.496	0	0	3
60	41	0	0.79006927	101729.711	101893.912	101729.711	101996.317	266.605998	0	0	0	796.883	0	0	3
61	42	0	0.803237091	101729.571	101887.869	101729.571	101996.317	266.745867	0	0	0	795.902	0	0	3
62	43	0	0.816404912	101729.801	101881.409	101729.571	101996.317	266.745867	0	0	0	795.443	0	0	3
63	43	0	0.829572734	101730.286	101874.886	101729.571	101996.317	266.745867	0	0	0	795.286	0	0	3
64	44	0	0.842740555	101730.938	101868.344	101729.571	101996.317	266.745867	0	0	0	795.337	0	0	3
65	44	0	0.855908376	101731.689	101861.692	101729.571	101996.317	266.745867	0	0	0	795.528	0	0	3
66	45	0	0.869076197	101732.504	101854.906	101729.571	101996.317	266.745867	0	0	0	795.917	0	0	3
67	46	0	0.882244018	101733.332	101848.07	101729.571	101996.317	266.745867	0	0	0	796.379	0	0	3
68	46	0	0.895411839	101734.117	101841.215	101729.571	101996.317	266.745867	0	0	0	796.895	0	0	3
69	47	0	0.908579661	101734.831	101834.542	101729.571	101996.317	266.745867	0	0	0	797.392	0	0	3
70	48	0	0.921747482	101735.473	101827.894	101729.571	101996.317	266.745867	0	0	0	797.974	0	0	3
71	48	0	0.934915303	101736.03	101821.117	101729.571	101996.317	266.745867	0	0	0	798.459	0	0	3
72	49	0	0.948083124	101736.503	101814.388	101729.571	101996.317	266.745867	0	0	0	798.885	0	0	3
73	50	0	0.961250945	101736.914	101807.562	101729.571	101992.547	262.975341	0	0	0	799.239	0	0	3
74	50	0	0.974418766	101737.258	101800.9	101729.571	101992.547	262.975341	0	0	0	799.555	0	0	3
75	51	0	0.987586588	101737.538	101794.189	101729.571	101991.743	262.171503	0	0	0	799.781	0	0	3
76	52	0	1.00075441	101737.766	101787.506	101729.571	101989.205	259.633961	75.458353	0	0	800.012	0	0	3
77	52	0	1.01392223	101737.955	101780.894	101729.571	101982.628	248.601525	75.458353	0	0	800.152	0	0	3
78	53	0	1.02709005	101738.117	101774.459	101729.571	101970.636	196.837434	75.458353	0	0	800.325	0	0	3
79	53	0	1.04025787	101738.265	101768.344	101729.571	101954.29	202.952469	75.458353	0	0	800.43	0	0	3
80	54	0	1.05342569	101738.398	101762.663	101729.571	101935.251	190.572399	75.458353	0	0	800.565	0	0	3
81	55	0	1.06659351	101738.527	101757.486	101729.571	101910.827	181.255368	75.458353	0	0	800.653	0	0	3
82	55	0	1.07976134	101738.645	101752.955	101729.571	101879.21	149.638351	75.458353	0	0	800.781	0	0	3
83	56	0	1.09292916	101738.755	101749.259	101729.571	101857.478	127.90667	75.458353	0	0	800.853	0	0	3
84	56	0	1.10609698	101738.856	101746.137	101729.571	101838.402	108.830659	75.458353	0	0	800.962	0	0	3
85	57	0	1.1192648	101738.952	101743.52	101729.571	101820.338	90.7668474	75.458353	0	0	801.033	0	0	3
86	58	0	1.13243262	101739.04	101741.381	101729.571	101803.683	74.11188	75.458353	0	0	801.139	0	0	3
87	58	0	1.14560044	101739.121	101739.682	101729.571	101788.812	59.2409001	75.458353	0	0	801.188	0	0	3
88	59	0	1.15876826	101739.191	101738.376	101729.571	101775.851	46.2797512	75.458353	0	0	801.268	0	0	3
89	60	0	1.17193608	101739.255	101737.413	101729.571	101764.727	35.1551456	75.458353	0	0	801.302	0	0	3
90	60	0	1.18510391	101739.311	101736.744	101729.571	101755.522	25.9501891	75.458353	0	0	801.368	0	0	3
91	61	0	1.19827173	101739.358	101736.318	101729.571	101747.96	18.388468	75.458353	0	0	801.392	0	0	3
92	61	0	1.21143955	101739.398	101736.093	101729.571	101742.426	12.854525	75.458353	0	0	801.447	0	0	3
93	62	0	1.22460737	101739.43	101736.014	101729.571	101739.43	9.8590265	75.458353	0	0	801.46	0	0	3
94	63	0	1.23777519	101739.459	101736.065	101729.571	101739.459	9.88763485	75.458353	0	0	801.499	0	0	3
95	63	0	1.25094301	101739.483	101736.208	101729.571	101739.483	9.91135186	75.458353	0	0	801.502	0	0	3
96	64	0	1.26411083	101739.504	101736.412	101729.571	101739.504	9.93268191	75.458353	0	0	801.535	0	0	3
